EJERCICIO 2

 1   2   3   4   5   6   7   8   9   10  11  12
256 458 365 298 043 648 778 621 655 019 124 847
019 256 365 298 458 648 778 621 655 043 124 847
------------------------------------------------
847 256 365 298 458 648 778 621 655 043 124 | 019
043 847 365 298 256 648 778 621 655 458 124 | 019
124 256 365 298 847 648 778 621 655 458 | 043 019
256 458 365 298 847 648 778 621 655 | 124 043 019
298 655 365 458 847 648 778 621 | 256 124 043 019
365 458 621 655 847 648 778 | 298 256 124 043 019
458 778 621 655 847 648 | 365 298 256 124 043 019
621 655 648 778 847 | 458 365 298 256 124 043 019
648 655 847 778 | 621 458 365 298 256 124 043 019
778 655 847 | 648 621 458 365 298 256 124 043 019
778 847 | 655 648 621 458 365 298 256 124 043 019
847 | 778 655 648 621 458 365 298 256 124 043 019

PREGUNTAS
1. d.
2. c.
3. d.
4. c.
5. a.
